steps	episodes	elapsed	mean	median	stdev	max	min	average_value	average_entropy
1000018	25863	1022.1090137958527	1.1	0.0	2.024845673131659	6.0	0.0	0.2197811969851217	1.3448058081001946
2000150	50091	2050.556888103485	3.2	2.0	3.0840089349921005	9.0	0.0	0.3039069317035138	1.3534684028826667
3000135	72284	3037.736716032028	3.3	3.0	2.496664441476534	9.0	0.0	0.5700412002744051	1.2944649667586727
4000026	89062	4063.535742521286	4.9	5.0	1.911950719959998	7.0	2.0	0.6840829888226388	1.1928392854430077
5000170	103429	5069.072034597397	8.1	8.5	4.532597979574677	15.0	1.0	0.7913195206890042	1.1844345308479234
6000254	115888	6050.017495632172	8.1	6.0	4.121757985239902	17.0	4.0	0.9206372373434794	1.116457061990378
7000005	126320	6947.587147474289	18.0	13.0	12.745369529536774	47.0	6.0	1.2841691432635514	0.9996995736325938
8000114	134818	7802.53139591217	14.5	15.5	3.5039660069381067	19.0	9.0	1.4454709159536487	1.0581457631318647
9000221	141806	8731.81833744049	30.0	30.5	8.806563209081938	47.0	16.0	1.9404581564257335	0.9435990992628311
10000149	147132	9690.098138809204	46.9	49.5	14.332945731193337	73.0	23.0	1.9939473150460454	0.955821133210944
11000119	151514	10649.141021251678	112.9	81.5	98.68068594095695	314.0	19.0	2.553855253007318	0.9224721388893158
12001340	155191	11604.099862098694	192.7	120.5	131.24197329953384	385.0	64.0	2.90793843747352	0.9211732940953401
13000420	158412	12544.157373905182	194.8	171.0	136.9921327830341	403.0	18.0	4.085733613618501	0.7900247139667379
14000005	161379	13496.842605829239	223.6	254.5	135.6287416278554	381.0	33.0	3.7509006848022595	0.9314653702616995
15000052	164165	14486.030730009079	289.1	349.0	132.10807864943175	411.0	33.0	4.643871630491429	0.8515640539516647
16000433	166754	15475.079222679138	349.4	380.5	58.668939349918745	399.0	228.0	3.641576746598599	0.9089532282849186
17000485	169197	16419.308636903763	317.4	328.0	91.91082634815118	420.0	140.0	4.205221009156909	0.90508394245478
18000101	171594	17405.1022875309	284.4	315.5	140.29270987633123	434.0	43.0	3.072485822651425	0.9137971779214201
19000143	173894	18415.966500997543	330.5	357.5	105.7557458381235	420.0	70.0	4.645205401697553	0.9130364473563394
20000590	176017	19394.029549360275	368.3	403.5	101.72298986299344	480.0	103.0	4.880937215560226	0.887508261456259
21000260	178083	20425.230044603348	422.5	405.0	58.722038263140846	583.0	382.0	4.772989314221582	0.9144788534157091
22000095	180140	21360.35776591301	398.8	411.0	28.70462603058182	431.0	341.0	2.7425230965386205	0.9809256356484124
23001284	182094	22312.55869626999	365.2	389.5	68.58214863294319	426.0	209.0	3.525081632737075	1.0069177476084024
24000714	183984	23285.001616239548	377.7	385.0	34.84903952127742	412.0	299.0	4.328636920479767	0.9091436695115148
25001654	185885	24253.578035354614	271.3	339.5	144.59449044367722	424.0	31.0	3.7056839225531166	0.9385157066772811
26000644	187717	25282.941771030426	395.8	402.0	40.89770436371976	466.0	321.0	3.837633540663347	0.9503085648124918
27001106	189535	26215.764152288437	405.4	405.0	22.736167956217542	439.0	373.0	4.2249257406306535	0.9479652211017534
28000636	191398	27198.548809289932	406.9	420.0	27.614207293428585	432.0	351.0	2.489697658183829	0.9825858011990951
29000497	193096	28191.80176091194	406.0	410.5	41.46752410689063	498.0	352.0	2.62047867573486	0.9835480628654282
30000105	194783	29218.071846723557	392.9	417.0	70.09905689649311	484.0	238.0	3.3865499577889753	1.0026431109912295
31001254	196540	30189.158672571182	407.1	405.0	30.780405022243183	452.0	362.0	2.0088997757180724	1.0105005217662688
32000455	198281	31128.560222625732	351.2	400.0	89.92935498984127	427.0	187.0	4.925662175382443	0.9176643449365347
33001311	200055	32179.258689641953	421.4	422.5	30.056243573969414	483.0	374.0	5.084113761200248	0.9234171741175948
34001245	201651	33170.77127075195	453.9	420.5	118.46279303364973	788.0	383.0	1.1752586799811116	1.0398669987043703
35001093	203263	34094.19921350479	418.8	420.5	7.0992957397195395	427.0	402.0	3.149881424024279	1.0623095999713819
36000773	204897	35052.78150558472	366.5	408.0	106.07989651411074	428.0	78.0	2.0778143403521105	0.9776157385495056
37000069	206514	36000.14631938934	394.6	408.0	46.65285509900641	435.0	268.0	1.809367876603035	1.0695271353643225
38001677	208159	36997.331444740295	370.4	389.0	71.71424777081144	435.0	216.0	5.3964822952600935	0.9172979195439648
39000675	209893	38007.18716835976	411.3	420.0	27.992260835214196	433.0	340.0	4.937907189149071	0.9133893422086814
40000240	211500	38925.51758646965	380.1	413.5	102.80126458366162	444.0	95.0	1.9334252948782946	1.0629246436102264
41000768	213080	39932.06129980087	390.6	392.0	31.718203676192704	424.0	324.0	3.981096912821728	0.9365616790837803
42000327	214626	40948.504338264465	401.2	424.0	56.55439859109104	432.0	243.0	3.0056091371655023	1.063699163232946
43000216	216213	41965.6155166626	425.7	425.0	38.23334786399026	520.0	377.0	0.6788621401386615	1.0713685846348453
44000610	217650	42888.82493805885	457.7	424.0	132.4722612474023	830.0	377.0	2.526892381920721	0.9615246758476224
45000575	219237	43892.3164024353	487.9	426.0	146.001864523863	777.0	399.0	3.4626899172558963	1.052959631721984
46000361	220706	44857.19902801514	373.7	413.0	97.31740737287332	428.0	109.0	4.407920559545631	0.961675182163767
47000058	222294	45828.67761707306	445.9	422.0	137.10778404031058	826.0	355.0	0.8101745288990415	1.1558560296030265
48001324	223688	46875.46385383606	467.3	428.0	109.26018894770816	776.0	422.0	0.6865684296979311	1.096152979616899
49000248	225044	47802.62892770767	420.1	418.0	16.502188407063535	458.0	404.0	4.823130574028825	0.8978643772592413
50003230	226316	48805.42062282562	433.5	421.0	57.70278252485846	593.0	381.0	2.726534353710486	1.0547360218642594
51000458	227779	49781.6062233448	445.9	424.5	97.13959028120306	718.0	374.0	4.705030031813416	0.9349514758711902
52000143	229228	50708.20771288872	487.4	427.5	192.19272734535105	831.0	176.0	2.8456776031978164	1.0113556433925686
53000180	230620	51669.68698644638	470.4	435.0	134.76250714992406	828.0	328.0	1.809974977440568	0.987104585643093
54003292	231950	52629.24302530289	441.3	417.5	93.56168494041184	702.0	382.0	2.7915579886576354	1.0254821554908773
55000108	233225	53606.91715884209	395.5	425.0	96.92293616866729	488.0	136.0	4.225770425041491	0.9613143214111652
56000211	234532	54579.34980368614	463.1	429.5	120.23075036500991	803.0	394.0	3.326894175375256	1.004225643315206
57000182	235974	55480.488577604294	457.6	431.5	149.90456223136698	717.0	196.0	2.0864888931761807	1.0515109884839966
58001995	237209	56439.939930677414	461.9	427.5	125.59232991442325	810.0	381.0	4.280973673939689	0.9426005843145
59001434	238548	57390.35662341118	410.4	425.5	177.61393839198294	773.0	55.0	3.516680331712903	1.0103346659733685
60000858	239903	58395.19387435913	483.0	419.0	178.42458724439672	827.0	326.0	3.6570896254015093	0.9545034098631197
61000037	241301	59293.38493037224	430.6	423.5	139.84610589263232	782.0	216.0	4.386789534164352	1.0011879568090116
62000530	242765	60189.444996356964	428.9	408.5	91.84582492174347	678.0	358.0	2.216299519529037	1.0552722581592107
63000977	244130	61074.61968636513	403.9	429.0	100.3653880135533	471.0	123.0	1.886441721214321	1.1298999958236837
64000198	245340	61996.643037080765	561.1	432.0	194.16856937551282	851.0	408.0	1.3308982337372044	1.0608988808544986
65000480	246613	62823.25145316124	396.6	424.0	140.97139189684316	580.0	23.0	5.159562960931561	0.9226409808812632
66001568	248047	63699.58399939537	351.7	420.5	138.48951023252425	485.0	78.0	4.465444281518873	0.9713944504519347
67000576	249380	64636.25361943245	454.1	426.0	138.50106297225463	824.0	285.0	0.5825830334716867	0.9819749357748535
68002865	250622	65557.46305203438	448.6	427.5	150.27840829606893	860.0	318.0	4.819937825601997	0.8933492490893257
69002103	251730	66468.32250714302	418.4	427.0	31.90332619370937	450.0	335.0	2.0392876668622777	1.0439553128766397
70000511	252886	67391.54779744148	425.5	428.5	31.746390870984584	461.0	342.0	3.764094786465726	1.0022005060582873
71000514	254072	68350.05137324333	500.1	421.0	171.80832343050207	829.0	374.0	2.687047507802326	1.0742375644294804
72000506	255075	69265.42495203018	498.4	425.5	157.29533439432404	824.0	375.0	4.158345063033113	0.9739747670473627
73000169	256109	70212.78650140762	443.7	422.5	157.08458443356773	863.0	258.0	1.686010624524002	1.0766340237644336
74000877	257114	71132.32131409645	432.0	429.5	16.404606399152375	469.0	405.0	1.7339231764966003	1.067233759382135
75000533	258244	72078.61692643166	461.1	426.5	98.08324129137569	704.0	350.0	2.05793702132437	1.0687234035083104
76000656	259433	72994.81693673134	474.7	425.0	129.28439795874658	822.0	383.0	0.30106796688466725	1.1564123264338517
77000150	260659	73927.08542919159	461.5	428.5	138.98700978468776	850.0	368.0	4.506807247504886	0.995699644069596
78001429	261869	74903.00795769691	420.7	422.0	31.777175596470006	494.0	373.0	3.412536005597198	1.0186535616158783
79000376	262992	75821.72895264626	479.7	423.5	155.97510485116953	793.0	376.0	2.740765298991369	1.108173324373915
