steps	episodes	elapsed	mean	median	stdev	max	min	average_q	average_loss
100131	805	523.1217656135559	148.0	140.0	23.475755815545345	180.0	100.0	0.37409723092573816	3.8541318816871737
200077	1580	1220.8355622291565	22.0	20.0	19.888578520235065	60.0	0.0	0.5862939523296785	3.720291606225063
300113	2341	1928.109647989273	54.0	60.0	31.340424729448422	100.0	0.0	0.7287164654143312	3.546461801919157
400060	3041	2650.374134540558	190.0	190.0	52.70462766947299	300.0	120.0	0.9103792480029484	3.3694041799468475
500093	3663	4112.80682182312	2.0	0.0	6.324555320336759	20.0	0.0	1.1743028440454237	3.27185660677821
600533	4179	4839.550053119659	106.0	100.0	9.66091783079296	120.0	100.0	1.2356869446201422	3.2108831874720027
700304	4642	5579.035526514053	304.0	320.0	56.41118880348314	360.0	180.0	1.3973550163427424	3.1410426614032962
800281	5107	6303.469013214111	168.0	160.0	10.327955589886445	180.0	160.0	1.5656019079401995	3.0636363204409447
900112	5592	7042.3964076042175	186.0	200.0	32.72783388968954	220.0	140.0	1.734498366951272	2.9873487430789814
1000086	6068	7781.693071365356	182.0	180.0	6.324555320336759	200.0	180.0	1.8918260349911598	2.921153738097227
1100141	6550	8529.143704891205	178.0	160.0	79.6938586787659	300.0	100.0	2.027014591384737	2.873137088973705
1200068	6996	9270.522092103958	134.0	130.0	44.27188724235731	240.0	80.0	2.1868006048104127	2.848796052298192
1300388	7424	9999.350233793259	204.0	210.0	77.63160868271807	300.0	80.0	2.306016211801232	2.8132194270475304
1400221	7824	10714.501967906952	80.0	80.0	0.0	80.0	80.0	2.2397056639434396	2.742173863338968
1500202	8181	11477.147855043411	444.0	440.0	95.59172442098624	560.0	260.0	2.36423252852078	2.7170874769358426
1600433	8529	12223.077302455902	220.0	170.0	88.44332774281067	420.0	160.0	2.405518582616981	2.6964722887711257
1700256	8829	12980.274999141693	462.0	470.0	70.20604595680409	560.0	360.0	2.551459019386794	2.6377492419249347
1800449	9083	13782.349573135376	572.0	590.0	201.59365069366643	800.0	260.0	2.4205630288286275	2.607042408501213
1900299	9289	14573.30079126358	908.0	860.0	214.82809665197686	1340.0	660.0	2.6111565368403564	2.5954195787080625
2000039	9505	15346.018696784973	534.0	490.0	109.56479564369408	700.0	420.0	2.871630719987799	2.5802363011035996
2100145	9699	16171.604537963867	390.0	390.0	87.55950357709132	520.0	200.0	2.6299903290290256	2.5474472367252052
2200103	9890	16952.49206638336	518.0	530.0	175.99242407937146	780.0	220.0	2.8991857120505533	2.554331571920408
2300369	10076	17786.729344129562	754.0	800.0	150.86417732516887	920.0	540.0	2.1471860960930607	2.5677350000187587
2401536	10253	18892.020256519318	536.0	530.0	129.20268315067352	800.0	380.0	1.1065902471343614	2.5374707666080094
2500122	10425	19678.86438512802	490.0	480.0	98.09292646374774	640.0	320.0	3.0274380439545143	2.550292117813618
2600167	10567	20560.87045454979	816.0	810.0	51.46735750831675	900.0	720.0	2.064933453373823	2.538588792098463
2700550	10707	21419.396465539932	1034.0	1050.0	237.9635826479898	1520.0	540.0	2.1678504155298484	2.5180455178311094
2800193	10834	22334.92114853859	926.0	860.0	253.34210511129456	1360.0	620.0	3.367600729044913	2.527075870638412
2901502	10972	23359.107163906097	1026.0	1050.0	158.89898957793562	1240.0	720.0	1.3261488777083739	2.526435837552216
3000039	11111	24194.133447408676	1022.0	1080.0	271.0391525632823	1420.0	640.0	2.5229392061663476	2.5224058227452835
3107062	11202	25286.259384393692	1114.0	1200.0	573.9570251043772	1760.0	220.0	2.0654399060723123	2.5060479146468344
3200238	11261	26244.865013837814	824.0	790.0	108.64826019980461	980.0	680.0	3.1133956874064177	2.493806452875252
3300182	11372	27518.67065525055	998.0	1050.0	394.23061496765797	1580.0	340.0	2.999581758801968	2.4795556397529066
3400806	11469	28552.073603868484	1534.0	1560.0	379.3620375782948	2000.0	980.0	1.7758929783062076	2.464167475355077
3500311	11569	29396.86354804039	650.0	580.0	367.12093072688975	1580.0	360.0	3.1151707292205475	2.469530179038565
3600465	11684	30504.945725679398	1166.0	990.0	398.00055834690033	1900.0	820.0	1.9911373160084724	2.462742450238614
3700064	11801	31717.608730316162	1422.0	1250.0	445.66554475052004	2280.0	860.0	3.4242437023779044	2.449900650259858
3800023	11903	32681.376673936844	1442.0	1430.0	467.75587174888096	2240.0	960.0	2.740814610456287	2.4256315552625964
3901038	12029	33846.43525695801	1912.0	1930.0	503.78125764616885	2460.0	1160.0	1.2030509954350395	2.4127450216865864
4000532	12153	34863.10736870766	1390.0	1340.0	290.01915645541607	1920.0	800.0	3.451336481804866	2.420530337832015
4101245	12277	35807.5441763401	1194.0	1100.0	354.53255609793206	1780.0	700.0	4.2275019649127294	2.4169266766690556
4201107	12405	36624.15200638771	1236.0	1230.0	365.24573158963057	2140.0	860.0	4.031798812582712	2.4624482520468916
4300426	12552	37484.12004470825	1910.0	1920.0	513.7444241384361	2620.0	1040.0	1.5702590128896705	2.4587956988381183
4400495	12684	38290.270362615585	1352.0	1340.0	232.8948260481542	1840.0	1060.0	4.2300364508228006	2.4687942258791216
4500359	12834	39112.9076230526	1640.0	1660.0	411.7172708438536	2460.0	1000.0	3.0593320673185147	2.494574420482284
4600322	12986	39902.44181227684	2368.0	2530.0	494.521092685753	2820.0	1300.0	3.991908248320339	2.5197024536062735
4700565	13134	40721.546045064926	3018.0	3170.0	551.2369927918683	3640.0	1900.0	4.294929526110595	2.527211261067119
4800215	13276	41546.73498606682	2814.0	2860.0	694.4254219616868	3800.0	1920.0	4.14249537855673	2.591422197341469
4900398	13417	42340.09999418259	2142.0	2320.0	691.6935737738207	3200.0	1160.0	4.808699063337503	2.6239545311342853
5000043	13550	43136.39319348335	2504.0	2360.0	646.6185549112828	3800.0	1800.0	4.301071534884242	2.639085528240674
5100728	13675	44039.68089199066	2618.0	2550.0	603.5782191784812	3900.0	2020.0	2.14252333525438	2.6377356994601397
5200176	13801	44870.01872396469	3152.0	2800.0	987.8911321035779	5300.0	2060.0	3.2140899154758387	2.6365201703097525
5300169	13923	45714.74823474884	3534.0	3460.0	668.2015663954503	4760.0	2560.0	4.320655030359435	2.6388456443308344
5400000	14042	46565.103491306305	4436.0	4460.0	997.6327536278624	5780.0	2500.0	3.9848706370580422	2.6439979568383043
5500090	14158	47387.21811556816	4208.0	4300.0	544.8098546995802	4940.0	3440.0	5.816650252569998	2.6227032871039033
5600167	14271	48272.86467909813	5382.0	5050.0	921.6145253484959	7320.0	4580.0	3.973147034420989	2.6080192908375013
5700773	14367	49266.07702565193	7330.0	5730.0	3551.8414629284594	15680.0	4980.0	2.9735962538047565	2.5655713962839677
5800570	14477	50120.68413186073	4946.0	4960.0	542.9998976877333	5940.0	3800.0	2.6314370284391124	2.522991137195284
5900040	14578	50947.856164216995	4792.0	4780.0	818.6818673941667	5800.0	2840.0	5.490853441506517	2.489128897829329
6001154	14693	51797.59393811226	4246.0	4380.0	1345.975069935877	6040.0	2180.0	7.105415587508588	2.463989128074624
6100048	14815	52642.14579534531	5324.0	5150.0	794.9730952819864	7100.0	4560.0	4.71760954289534	2.448856552629842
6200575	14930	53579.570277929306	6586.0	6090.0	2165.0157813127676	12400.0	5000.0	3.89888988715742	2.4353916119010766
6301071	15030	54540.91190910339	8694.0	4940.0	7364.2683878908765	25660.0	4020.0	3.271283993794676	2.4219770156524096
6401714	15137	55419.11037278175	5046.0	5080.0	2021.925375037917	9060.0	1900.0	5.238164898929586	2.3874068034755997
6501136	15233	56289.4439740181	5826.0	5570.0	1056.4952542355418	8240.0	4840.0	4.163059806217125	2.36090686376495
6600304	15324	57440.57821416855	12204.0	9070.0	5971.873333478458	23120.0	5380.0	3.8432274506415607	2.366402689680394
6700193	15424	58343.60880231857	5608.0	4850.0	2390.912424624169	10920.0	3340.0	5.6896966140764675	2.341328413369802
6800784	15529	59424.51544499397	11026.0	6500.0	7387.479197188232	26120.0	5100.0	6.096640274439659	2.3361878904343625
6900893	15632	60451.969322919846	10122.0	10330.0	4537.512289545647	17420.0	4900.0	4.0772738554237264	2.32987269368642
7001665	15729	61482.10724258423	8858.0	6340.0	6226.348671394639	22300.0	4620.0	4.184353371530266	2.31614103688601
7100364	15821	62417.845943689346	7586.0	6070.0	5817.590566549007	23960.0	3560.0	5.513868531013476	2.3436412952897223
7200220	15924	63571.9270670414	13330.0	9230.0	9240.049302417769	25280.0	4180.0	4.580658492407955	2.345436995709505
7300370	16018	64489.179915905	7432.0	6330.0	3675.5311029685067	17820.0	5200.0	6.222649590131387	2.3372909204985857
7400058	16107	65445.5234875679	7090.0	6820.0	1877.4983355518586	11540.0	5040.0	6.4008545702203055	2.340345852168703
7500236	16206	66632.83512425423	10812.0	6720.0	7549.570701555008	26000.0	5220.0	6.708391837845571	2.3291456537804853
7600019	16299	67602.62041711807	7234.0	5060.0	5216.597869620902	19120.0	2320.0	5.737295081909203	2.332202411932087
7700641	16401	68762.0256049633	11968.0	9590.0	5994.369209701904	25060.0	5760.0	5.658507131379345	2.3376735526376606
7800287	16503	69652.33503746986	2792.0	1990.0	2357.1206540560834	6720.0	260.0	6.3150982182318725	2.3405230177266594
7900757	16605	70643.19562005997	7590.0	6100.0	3622.4147869741378	16420.0	4420.0	6.827213709679992	2.3261148135010115
8000550	16710	71816.711571455	12686.0	8320.0	8281.9592421654	25540.0	5720.0	5.195025378488378	2.3434109582535085
8100515	16807	72977.23267817497	9786.0	6900.0	6443.132778392822	21860.0	1640.0	5.123982470568151	2.3442521787441812
8201412	16907	73901.97019839287	5132.0	2800.0	7782.225902657928	27080.0	1520.0	4.984836782842578	2.336847389562991
8300964	17029	74970.56708407402	10812.0	7860.0	7075.480038681318	25420.0	4860.0	5.687490622592466	2.358680217412461
8401013	17128	76069.16574692726	9696.0	8510.0	4811.392036961168	17300.0	3700.0	6.341873059089067	2.3530568263156746
8500182	17226	76997.61626505852	5936.0	5800.0	1157.1535958741365	8060.0	4500.0	5.808259021029924	2.365714923974226
8600272	17328	78081.54531478882	9084.0	3880.0	8670.17262419459	24000.0	1380.0	7.041050025108418	2.3400217852580325
8700924	17424	79300.28397369385	13672.0	12240.0	6491.773940063601	25220.0	6280.0	5.901814993530672	2.3406282573197625
8800088	17520	80321.64374542236	10200.0	7220.0	6082.177972477367	19640.0	4940.0	7.245538260596715	2.341889381811257
8900171	17618	81302.62303495407	8428.0	7410.0	3176.6257430032756	14580.0	5080.0	6.701707711299661	2.329775297581114
9000862	17721	82252.45921516418	6318.0	6730.0	3680.8386725491428	13900.0	1180.0	5.518613425840788	2.321127520545384
9100817	17816	83238.60434651375	8398.0	6530.0	3951.792279741209	17140.0	5140.0	6.0985106975529	2.3215265426360334
9200787	17915	84182.09273695946	5780.0	5520.0	2036.467529817257	8420.0	2360.0	5.362763853732203	2.327170372202639
9300240	18016	84992.76915168762	3818.0	4490.0	1600.5957224317035	5540.0	1960.0	7.57136583316327	2.3487192412946696
9400630	18122	85960.86453175545	9032.0	7550.0	4109.795344999283	18320.0	5120.0	6.519390670237169	2.347721912623671
9500534	18235	86923.15697050095	7902.0	8560.0	2987.1792714867315	12360.0	2320.0	5.570467449776029	2.3475334780510133
9600507	18345	87875.7931895256	8564.0	7100.0	3121.6348992866615	13840.0	5740.0	6.987242029024371	2.3384400121488627
9701486	18437	88859.62583398819	9180.0	7960.0	3889.7929107972946	19260.0	5540.0	6.7815317399347315	2.353240417642569
9800696	18540	89876.70283126831	11238.0	8250.0	7123.734663472213	25040.0	4940.0	6.222205645495372	2.3305505344266035
9900494	18641	90880.65646672249	9486.0	6330.0	7338.210802217239	26160.0	3000.0	6.238627048808858	2.346783704073418
10001278	18737	91961.16211915016	11696.0	10640.0	6464.664982296711	25720.0	5560.0	5.976908733350876	2.343827290194582
10100183	18831	93100.35757780075	14512.0	12170.0	7742.346471767386	27080.0	6180.0	7.131271961376063	2.3300299254704138
10200375	18940	94170.43008446693	9386.0	6470.0	8686.116892298116	25520.0	1460.0	6.243101981514989	2.318293855127524
10301564	19033	95173.04454565048	7480.0	7360.0	2482.6867167110177	11160.0	3860.0	6.8716429942406805	2.3265287275120876
10400463	19130	96343.22444725037	15686.0	14290.0	8639.244051291627	26720.0	5800.0	7.371820699212938	2.3475909986696215
10500567	19224	97348.28499293327	8966.0	6180.0	7122.827466049638	26980.0	2320.0	7.267262342003528	2.344108768933925
10600928	19325	98469.10306692123	13776.0	10710.0	8688.811707528763	26980.0	4500.0	6.206372871846042	2.333395226240162
10700457	19421	99426.10116028786	8162.0	8270.0	3104.268745525175	13560.0	2100.0	7.717427269539144	2.3210838390930713
10800838	19526	100487.33407950401	10880.0	8480.0	7797.463975193758	25240.0	2820.0	6.205751778469011	2.313915832129348
10900643	19645	101569.54097390175	12264.0	8970.0	7053.666028700568	25340.0	6640.0	6.945230881154312	2.3363405803644794
11000077	19740	102616.72336673737	10690.0	8330.0	5455.7227853980185	19340.0	3480.0	6.901986664263361	2.3250926746262777
11100517	19840	103810.93360757828	15524.0	11970.0	9345.419793198756	27140.0	5100.0	6.74550405421137	2.3211663097641
11200137	19946	104692.99203395844	6050.0	5920.0	1991.520915168996	9180.0	3000.0	6.3684770006204054	2.346110093639218
11300486	20055	105656.35079097748	9046.0	6950.0	5892.066605944717	21560.0	4180.0	7.736896303235379	2.336521673903822
11400631	20161	106672.66395545006	10644.0	9410.0	6136.439793017881	22620.0	3740.0	6.572735452935512	2.3188137869327536
11501352	20281	107771.42175364494	12706.0	7790.0	9747.227754027752	26400.0	4200.0	6.595708951739261	2.330480508199458
11600138	20390	108794.58514261246	7432.0	7320.0	3212.06337283546	12880.0	3760.0	7.282180071992568	2.3321313446407688
11700118	20510	109742.98692941666	7560.0	7070.0	3015.4122622140926	12280.0	3420.0	5.437651442106595	2.3115465923901213
11800107	20610	110704.54277038574	7974.0	6750.0	3082.5681933522033	14160.0	4700.0	7.6672196843312665	2.3043800039281486
11900268	20729	111972.45870733261	16632.0	19590.0	9186.817608822861	25280.0	4220.0	6.62382419022277	2.2943269181768176
12000358	20845	113127.25933170319	13444.0	10790.0	8061.694335284336	25980.0	2860.0	5.989674892689807	2.2913247563606443
12101680	20969	114036.88960051537	5860.0	6270.0	3303.7621652359367	11620.0	1820.0	6.499060911028311	2.2851740589623533
12200311	21086	114966.56732749939	7712.0	5580.0	5278.974647915382	21600.0	4300.0	7.2217334458737446	2.2845633407611574
12300504	21197	115924.99385333061	7890.0	5960.0	6789.50988249111	23520.0	1980.0	7.999571640288997	2.2809760854235024
12400587	21302	116874.97308826447	6422.0	6310.0	2964.8526289026763	13440.0	2380.0	7.029217636771491	2.2805830975220736
12501077	21411	117803.62615346909	6030.0	5930.0	1434.6273228805994	8020.0	3900.0	7.447182798523475	2.282473591319178
12600094	21524	118669.00739836693	5340.0	5640.0	1928.8684074693467	8780.0	1180.0	6.550861176725719	2.276277103257517
12700710	21629	119668.26674461365	8826.0	6310.0	4968.970830173096	19120.0	4800.0	6.3436988217661225	2.2822556695304703
12800528	21745	120628.11529016495	8150.0	6820.0	4010.56659892894	16320.0	4780.0	6.635321616540472	2.2678931830721094
12900247	21864	121646.64576506615	8832.0	8550.0	3605.5044338098132	15860.0	4440.0	6.454950671161027	2.2583090708051796
13000834	21977	122694.04118776321	10590.0	8890.0	6532.620709434564	26040.0	3940.0	7.574576940664777	2.264149213651045
13100475	22095	123653.63626909256	8500.0	4580.0	7864.835945170405	26100.0	3640.0	8.07362294216024	2.2565185372272833
13200552	22223	124472.30046963692	4038.0	4100.0	862.2683263733318	5060.0	2720.0	7.390901092736778	2.278857255744129
13300051	22360	125474.54336357117	9154.0	8900.0	3003.1990351031423	14700.0	5540.0	5.982403383266291	2.2680221033370667
13400049	22489	126387.27960705757	6368.0	6020.0	2674.6912594416076	10500.0	2260.0	6.605973823771973	2.255607523911316
13500345	22613	127526.74621939659	9576.0	7390.0	6745.222506831533	25780.0	4680.0	7.445988847876778	2.2552652612892388
13600083	22726	128494.89798569679	8570.0	7750.0	3587.83438240334	14140.0	4640.0	7.1067838231788905	2.2533356641331106
13700038	22836	129410.94075846672	7112.0	6400.0	1218.0202516105112	9140.0	6040.0	6.576154245870657	2.2638091173223254
13800199	22947	130496.06438708305	11776.0	8140.0	7825.654676198734	26300.0	5720.0	6.948589273807924	2.2645698470976896
13900652	23072	131451.01404619217	7730.0	6510.0	4564.006524486524	15780.0	2200.0	5.215583743831901	2.2797980861790315
14000012	23198	132325.88343691826	6160.0	5770.0	1706.2759969529484	8700.0	3900.0	7.180257433827202	2.277614375618284
14100436	23308	133222.9404115677	6188.0	5650.0	3533.0591088554784	15760.0	3680.0	7.172543026276245	2.279014336801746
14201059	23438	134056.42853331566	3020.0	2670.0	1541.8315227172016	5780.0	1140.0	6.236537535255903	2.284568901027912
14300322	23561	134898.11649227142	4952.0	4980.0	907.1175349546619	6300.0	3160.0	7.499101951850094	2.2915107619229955
14400695	23698	135750.05120801926	5200.0	5080.0	840.8989898383224	6720.0	4120.0	7.067658104819615	2.27901348596633
14500627	23821	136635.69097280502	4424.0	4080.0	1317.8703358912903	6760.0	2500.0	6.124569261679992	2.2721599601183815
14600627	23948	137506.1073589325	5348.0	5610.0	1505.5216888359846	7180.0	2980.0	6.44651012522576	2.257550925674002
14700636	24075	138485.90503907204	8724.0	5670.0	6499.714865540898	20520.0	3420.0	6.737262715605554	2.2572345436851022
14800090	24200	139458.74092245102	8604.0	6930.0	6095.949839397012	25580.0	4320.0	7.6407605388179105	2.2539870941482634
14900352	24320	140387.75641918182	7248.0	7000.0	1015.3576271989643	8780.0	5700.0	6.488368382643349	2.244189715151567
15000162	24445	141292.2228822708	6482.0	5870.0	4776.74412591301	19400.0	3180.0	7.070478899375375	2.2670153716785957
15100077	24561	142442.3609406948	12532.0	11280.0	6124.052398353379	23740.0	6240.0	6.253588172283105	2.2679447218945943
15200686	24684	143576.54371500015	12934.0	11810.0	5938.050933504098	25600.0	5340.0	5.726440964731315	2.251182373135965
15300493	24802	144700.83589673042	13158.0	11290.0	7293.988087611758	25560.0	6200.0	5.601067155952967	2.272576979042338
15401245	24909	145717.49610853195	9770.0	8760.0	4058.092053060294	16620.0	5460.0	7.175729933710166	2.2719828929156014
15500769	25020	146632.0399813652	6810.0	6780.0	2273.015618072168	9760.0	3160.0	6.265024131341429	2.2757554024429965
15600480	25140	147779.81847715378	13946.0	12030.0	7996.466163944616	26300.0	5340.0	7.3307353840133755	2.2696612442557424
15700350	25268	148776.10145235062	9624.0	6120.0	8365.361385565546	25500.0	3520.0	6.170291755979762	2.2793334267837726
15800157	25394	149652.4187824726	5880.0	6070.0	782.7586544466379	6760.0	4260.0	6.908875103104539	2.2807916128391965
15900557	25518	150751.5209429264	12598.0	12480.0	6265.868388872102	25560.0	4960.0	5.965960505653029	2.276634278075163
16000122	25642	151729.91460847855	8736.0	5840.0	5745.280575297336	20680.0	3540.0	6.353508591180398	2.2587336228202366
16100187	25764	152665.67917132378	7536.0	6920.0	3694.9791760050707	16680.0	3520.0	7.291241425295614	2.268963399424445
16200075	25874	153677.62831115723	9352.0	7840.0	6587.774535708803	26440.0	3540.0	7.131988650055757	2.2687119917194565
16300827	25991	154631.88102674484	7916.0	6490.0	4209.8698845028985	15580.0	3520.0	7.346872052522574	2.2562939102925745
16400051	26104	155555.41989302635	7662.0	6520.0	3768.4945417382673	16640.0	5020.0	7.729936978442163	2.261965438290125
16500522	26213	156585.0462193489	10136.0	8140.0	4856.343388920424	19280.0	6260.0	6.351295011055893	2.247936706784867
16600159	26334	157503.25532341003	7398.0	5410.0	6730.893617409867	26040.0	3240.0	7.911367996146886	2.2284546660778815
16700021	26465	158569.87743878365	10686.0	8670.0	6252.452318890565	23440.0	4920.0	7.516387252326099	2.2318372951652012
16800402	26581	159722.8021736145	13466.0	10740.0	7113.436737767633	24760.0	5040.0	6.55647921341887	2.2399117350318782
16900090	26707	160565.0929467678	5224.0	4900.0	1066.533324998958	6780.0	4100.0	7.581022901094101	2.2370820525686432
17000820	26823	161564.17376494408	9542.0	6760.0	6043.62253398848	22340.0	4840.0	6.688646143277342	2.226095152981141
17100397	26954	162411.94476413727	5180.0	5220.0	1033.0967471098188	6840.0	3500.0	8.29872477205816	2.237668480581802
17200140	27084	163435.21024656296	10724.0	9650.0	6538.676726474046	23100.0	3380.0	6.247568731478626	2.205480784320777
17300558	27202	164602.25068712234	14112.0	13630.0	7885.391274727942	26300.0	5320.0	6.790447263625124	2.2258626925812006
17400148	27330	165537.59883618355	8312.0	6620.0	4302.352844665346	17700.0	3340.0	6.460876135681205	2.2336146687545937
17503380	27461	166477.7942724228	7384.0	6380.0	2686.4731113074217	14280.0	5460.0	7.438233401320304	2.229266348680253
17600797	27587	167473.78393149376	9950.0	8160.0	5593.235994385441	22580.0	4500.0	7.2426943014635565	2.2173243018264666
17700114	27701	168465.63513088226	9228.0	8210.0	4591.869142541218	15140.0	3280.0	6.520647024753114	2.22953972390202
17800027	27813	169313.22708964348	5556.0	5010.0	2004.701141483854	8740.0	3020.0	8.005915342580877	2.231786004605527
17900623	27941	170293.42354249954	9214.0	9160.0	5053.791096240964	19000.0	3440.0	6.163714049450428	2.216483997761569
18000940	28073	171366.56366467476	9996.0	8560.0	7058.270483781577	21060.0	680.0	6.747078997518342	2.226172091984752
18101049	28198	172394.87316083908	10732.0	6850.0	7978.694964299195	25480.0	3480.0	6.6220576377333655	2.2286681928317256
18200095	28328	173310.58617281914	6954.0	6600.0	2016.3123655712564	9600.0	4200.0	6.846548733399673	2.2085532325971036
18301028	28446	174259.79998540878	8618.0	7600.0	3755.80676345901	17080.0	4860.0	6.029055602200028	2.205305835917742
18400229	28573	175216.15508317947	9734.0	7450.0	5630.899276906546	19760.0	3560.0	6.567505338061627	2.175981764906804
18500622	28700	176056.97509145737	5436.0	5640.0	1579.4457537025098	7520.0	2000.0	7.148414986361702	2.177612491778886
18600416	28850	176896.45221686363	4876.0	4590.0	1483.1138414385682	7920.0	2840.0	8.052285628690962	2.1673756030988733
18700547	28981	177807.61102223396	7982.0	7940.0	2184.459251673563	13320.0	5820.0	7.180860480689257	2.1631049923729724
18800254	29102	178726.59666657448	8096.0	7450.0	4537.339406402048	18480.0	3120.0	8.145361310407074	2.140677901078301
18901556	29223	179698.601436615	9346.0	9800.0	3543.6710406645316	16460.0	2300.0	7.346616834852098	2.1556529520854633
19001682	29349	180647.1313304901	9922.0	8050.0	5960.592438862283	26320.0	5900.0	7.91750660410984	2.143446400088567
19100477	29471	181501.53201055527	7160.0	7310.0	1490.4436326886778	9580.0	4540.0	7.03049323037703	2.139333487204062
19201528	29609	182430.03992676735	8724.0	8680.0	3678.185543021027	15780.0	4060.0	6.673809732110131	2.1210992984331476
19300064	29734	183324.02638101578	7612.0	7630.0	4174.368348757823	16440.0	2740.0	6.7210577878730176	2.0764261513658684
19400498	29869	184177.36555552483	4806.0	4590.0	2142.9792346170784	7760.0	2080.0	7.414906928410353	2.0674892583161544
19500740	29988	185090.0216832161	8936.0	8320.0	3727.8507361630122	16260.0	4900.0	7.238489095579356	2.025469415427243
19600150	30100	186016.81501173973	8842.0	7330.0	6126.69532093408	18760.0	1100.0	6.261121224066954	2.018195820845816
19700641	30227	186840.02901244164	6318.0	5470.0	1770.936977359098	9300.0	4260.0	7.4395837660852004	2.001922605993387
19800965	30357	187736.93554902077	9432.0	7650.0	4042.575636618043	19480.0	6600.0	7.02830096747308	1.9407290386051237
19900709	30493	188627.36157488823	10134.0	8870.0	5058.9331330276	22740.0	5380.0	6.553341103695094	1.9142760354236914
20000688	30601	189487.00667071342	8930.0	8910.0	2919.136097470544	13640.0	5300.0	6.776975220748214	1.9345147053709388
20100529	30725	190522.96127057076	14846.0	16720.0	7008.350891773486	25800.0	4700.0	6.222507976076181	1.9291602889398791
20200979	30843	191423.2051923275	10386.0	8730.0	5233.906974930126	18100.0	4220.0	6.780054999035464	1.9084874403389023
20301006	30956	192448.1135339737	15578.0	9450.0	10321.556514832871	32420.0	6420.0	7.030792702393809	1.8968613905181977
20400119	31076	193288.83350396156	9274.0	8800.0	2506.0823787116196	14560.0	6360.0	7.333604991831262	1.8892832439912042
20500263	31200	194213.7332265377	12074.0	9090.0	6506.673838793861	24640.0	4020.0	6.313785895495478	1.9130868828021772
20600160	31313	195081.58252573013	8420.0	7040.0	3994.763238708063	16240.0	3640.0	7.002329303803524	1.872938519322637
20700500	31423	195936.23834514618	9908.0	9510.0	3234.3187501818334	14620.0	5820.0	7.717738716190853	1.8591750744675934
20801050	31530	196880.6922609806	11568.0	11510.0	4682.821561599137	19540.0	6020.0	6.371286753520753	1.8907178536899065
20901602	31628	197987.83945155144	17998.0	16690.0	6534.390730758471	27920.0	7920.0	6.618968273254318	1.8743419490167113
21001281	31729	198973.12877845764	12534.0	9140.0	6141.248877693997	25400.0	5660.0	6.375265499523545	1.8892355862682946
21100279	31835	199980.1388449669	13682.0	11470.0	7703.606370467738	27840.0	5480.0	7.303593974277269	1.8846756868362626
21200558	31937	201236.6248166561	23702.0	23050.0	7127.757633989029	32860.0	14360.0	6.921897841637699	1.910362799609153
21300509	32041	202208.88288235664	14172.0	9550.0	8554.251444619675	28100.0	6100.0	8.227858721343148	1.9215196628535092
21402021	32140	203244.0263259411	16054.0	14620.0	5777.612348059053	25360.0	8700.0	7.464925878951547	1.9272449660675468
21500373	32241	204166.51401996613	12502.0	12830.0	6567.437856576947	27400.0	3400.0	8.114992934268619	1.917718047618866
21601302	32339	205115.84648871422	11242.0	7840.0	7358.547260008444	27380.0	4140.0	8.34774647993774	1.9269423050474386
21700810	32431	206145.81080937386	15230.0	13500.0	9398.677211891752	34160.0	4660.0	7.373617861720149	1.9560176249260166
21802344	32527	207235.97102427483	17044.0	13910.0	10085.614838306421	32760.0	5340.0	6.810475603127903	1.9406463908847238
21900487	32623	208326.53137922287	17086.0	17080.0	7930.503977259789	31580.0	5540.0	7.233958486774862	1.949778442318436
22001388	32723	209492.52667546272	17638.0	14380.0	9577.415332147	30160.0	5700.0	6.267815208525848	1.9149619162496287
22100202	32824	210500.34420681	14176.0	12490.0	7143.038880227689	24780.0	6680.0	6.460482441266292	1.9240593566186952
22200555	32927	211582.35612154007	16602.0	9600.0	11227.804574161217	34260.0	6940.0	6.676965342562059	1.9348812644011302
22300148	33023	212559.6236553192	11708.0	10000.0	6946.565578279193	28460.0	4960.0	7.70828759086699	1.9269534087066025
22400010	33122	213696.08011770248	17544.0	18430.0	8971.836427894174	27600.0	5980.0	7.550755105042745	1.928698967844664
22501277	33222	214838.52701687813	19022.0	14960.0	9621.154700854662	34320.0	9480.0	7.001532440953261	1.9563268572665211
22600161	33313	216010.6057317257	19432.0	20140.0	8844.444332774985	29660.0	6860.0	6.269426714552421	1.9483846271639929
22700794	33407	217075.41374135017	17134.0	14770.0	7622.773190323264	32680.0	6980.0	7.410473233870728	1.9517569598733115
22800532	33500	217973.22773599625	10846.0	10740.0	3002.0000740247233	15060.0	6060.0	7.29421090864977	1.949718145123929
22900186	33605	218941.90485668182	12760.0	11010.0	7048.700431836905	24820.0	4600.0	7.028659125644986	1.9432507825730878
23000575	33700	219879.57635617256	12848.0	13030.0	3126.1790664572554	18820.0	8300.0	7.022294393141482	1.964753468251716
23100542	33800	220984.0700378418	18534.0	17450.0	7273.978278768778	32060.0	9440.0	6.717674542620128	1.9372003243481368
23200331	33899	221939.09353733063	11358.0	9640.0	6221.778595296436	26220.0	5380.0	7.299748417403048	1.9326758960200314
23300682	34001	222871.25351667404	9818.0	8600.0	3877.518679659856	16860.0	6000.0	7.204981544423684	1.9288593353777344
23400129	34094	223773.62216448784	10042.0	8880.0	3282.9993061900645	15400.0	5580.0	7.620856809956427	1.925034417438786
23501419	34198	224693.461114645	11250.0	12050.0	3368.5638219012894	17880.0	5920.0	6.828092744589585	1.9512419841004278
23600092	34296	225744.33415532112	14178.0	13440.0	7799.3415676510085	27680.0	4980.0	6.626562278695262	1.9335288384042049
23700889	34397	226824.93028259277	16672.0	15620.0	4464.220225551404	26120.0	11040.0	7.3398146599670655	1.9439958203310055
23800766	34493	227699.54553222656	9272.0	8220.0	3802.1070181910686	15620.0	3700.0	7.231594615943646	1.9477133278780918
23900051	34592	228613.14378643036	10994.0	9340.0	4354.461824126809	19360.0	6560.0	7.148646872679802	1.9502416472895987
24000116	34689	229583.53920555115	13744.0	13470.0	6305.2838512191065	27680.0	4720.0	7.329192127538106	1.936615234991284
24100459	34794	230407.82593894005	5822.0	4550.0	4591.184306182156	17440.0	2080.0	6.463461156852434	1.9468058227125793
24201048	34891	231530.05435490608	20244.0	18950.0	6059.5914787128095	31560.0	12520.0	8.351594843228618	1.9347737365427282
24300075	34982	232552.04402709007	15928.0	14650.0	7366.966509734896	32420.0	8820.0	6.7544968446270595	1.9518886004671596
24401619	35073	233638.6848487854	17856.0	16000.0	7974.853812662232	31880.0	9540.0	7.190389244233297	1.946572780508469
24500027	35162	234796.0690984726	20964.0	19520.0	9370.686207530374	34620.0	9960.0	6.776551330146444	1.9593937773133807
24600001	35262	235734.72774648666	12508.0	9580.0	9107.629036509265	34220.0	3200.0	7.545918662593136	1.9660941116169401
24701944	35368	236740.61872839928	13834.0	12700.0	7699.962770472768	32460.0	6580.0	6.626694177659888	1.986462296482154
24800288	35462	237705.49171352386	14438.0	12940.0	7451.075686697115	27380.0	6300.0	8.577102068634233	1.9772956534996093
24900108	35555	238551.95149803162	9558.0	9190.0	2997.086733627989	16040.0	5940.0	8.478687294686672	1.9842358047984525
25001135	35659	239583.79075932503	15958.0	13350.0	8376.657779541645	28180.0	6280.0	6.976947007874651	1.9864498490586733
25102069	35760	240414.86586213112	8100.0	7050.0	3182.5496417530117	16020.0	5340.0	7.72437942449443	1.9687311110316266
25200505	35856	241357.28781843185	12918.0	12690.0	3970.675285417107	19080.0	7160.0	6.588881566355845	1.9588977854580751
25300064	35953	242238.85548877716	11316.0	9520.0	4166.55253177012	17540.0	4640.0	8.030580988868559	1.9556605885884077
25401231	36058	243102.71186685562	8070.0	7080.0	3963.0880215643288	16660.0	3720.0	7.410813981606751	1.9345695591971463
25500188	36154	243936.34930419922	7006.0	6630.0	3542.5671796343145	14760.0	3000.0	7.426286055565604	1.932320416192842
25600375	36259	244787.69630980492	9578.0	8930.0	2421.284324026771	13940.0	6680.0	8.2240230901608	1.9429992096411872
25700419	36355	245652.82201719284	9656.0	8680.0	4212.191828490246	16580.0	4020.0	7.738858647171317	1.9530010712132047
25800488	36457	246476.6122996807	7908.0	8040.0	1449.2358139531484	10340.0	5780.0	6.893025165937115	1.9521985293976578
25901132	36561	247321.7009408474	8922.0	7850.0	3783.0904474164154	18060.0	3860.0	6.953825160146083	1.9289668202579564
26000206	36659	248169.5854022503	8726.0	8730.0	3309.0992396387537	14900.0	2980.0	7.532822924697016	1.9460896739559743
26101310	36760	249047.98234558105	8464.0	7310.0	3936.8210525752884	17520.0	4800.0	7.297064447168994	1.9464898116521003
26200106	36858	249868.74550318718	8690.0	8040.0	2883.7051783349066	14440.0	5660.0	8.226223937573474	1.9610809318135705
26300297	36956	250721.95297908783	9740.0	7720.0	4585.79449071926	18140.0	4820.0	8.220330883680605	1.954903281518365
26400196	37056	251607.06736159325	11434.0	11720.0	3960.7748961254765	17880.0	5360.0	7.617574050466783	1.954319650557649
26500561	37151	252693.22379660606	16606.0	18550.0	5525.512947531055	24360.0	8140.0	7.0965214904808915	1.9709841148940699
26601007	37246	253547.35097694397	7700.0	6630.0	4698.169856444103	17500.0	2760.0	7.5147530593991725	1.9570000361116255
26700514	37340	254540.75143790245	15350.0	13750.0	6232.06939057075	24700.0	5180.0	6.388151730841364	1.9696786181122972
26801000	37435	255437.9154651165	11270.0	11010.0	3452.0235611401417	17420.0	6580.0	8.07044730361467	1.9639986288470441
26900312	37540	256280.53759479523	9796.0	8540.0	5255.327878554402	22620.0	3000.0	6.982423573035078	1.965525210850505
27000275	37634	257177.32574129105	9920.0	8330.0	5601.634682046939	22400.0	3900.0	6.164444035259351	1.9729096334490868
27101261	37733	258150.25283765793	12504.0	10380.0	5789.260555354006	23320.0	6860.0	8.227428842212179	1.9752942908914384
27200348	37829	259147.16686558723	15656.0	13810.0	4878.89604999601	27020.0	9100.0	6.3750868279877455	1.9858866682372607
27301252	37931	260222.08019256592	16820.0	16000.0	7171.3008272945535	27820.0	6120.0	6.200083171201068	1.9566531832857414
27400564	38040	261253.65283298492	16494.0	16660.0	8480.325203407918	34880.0	5240.0	6.396371087347851	1.9706996243998194
27501379	38138	262217.4995815754	14618.0	14390.0	5133.207357761595	24400.0	8040.0	6.657560768059408	1.9671244511714743
27600549	38236	263162.1678955555	12832.0	12530.0	3239.8518484646793	18120.0	8700.0	6.967693059210778	1.976445221899689
27700909	38339	264214.13983273506	13296.0	12490.0	5540.315273820916	25820.0	6340.0	6.27146876370418	1.975077755574891
27800168	38435	265129.0904226303	11538.0	10580.0	5147.119582834655	20660.0	5260.0	6.844503498152564	1.98358041197916
27900063	38529	266187.23414349556	15386.0	15250.0	8325.788851514311	26820.0	4820.0	6.383846897560984	1.961045751930772
28000626	38630	267096.6965441704	10098.0	9050.0	4269.3684154294615	16520.0	4540.0	8.083302438881844	1.9587599589148255
28100588	38729	268037.15872740746	11862.0	10560.0	4161.350742247041	19220.0	6880.0	7.706393772387599	1.9673006025604878
28201182	38823	269137.0009877682	18800.0	16840.0	6784.02699156056	28380.0	8040.0	7.267734878812172	1.953293014631849
28301547	38911	270208.78282666206	17332.0	16900.0	7971.628580297895	28780.0	7700.0	6.784293476142698	1.9419251737047034
28401349	39005	271179.6109735966	13386.0	13950.0	4178.400012764057	19240.0	6600.0	6.439297767352961	1.9611814884463648
28500928	39105	272183.72825431824	15094.0	14230.0	4611.715034079572	25080.0	9300.0	7.3147542813582005	1.9559110305567071
28600152	39195	273030.3248934746	9000.0	8690.0	2291.879384066952	14940.0	7040.0	6.833407533966384	1.956564599849922
28702928	39298	274135.10412693024	18456.0	18380.0	7339.814106032326	31880.0	8460.0	6.49210722306407	1.9765423836003493
28801295	39390	275065.5071425438	13336.0	12120.0	7384.420837893186	33220.0	6780.0	8.546848416531718	1.959975176982968
28900691	39488	276174.79694223404	19084.0	16790.0	7446.202910059447	32280.0	9520.0	6.536226985241601	1.9505243462247746
29001005	39582	277174.06184983253	14298.0	13040.0	5178.678081003555	22840.0	7180.0	6.957442946080962	1.9514473299210153
29100764	39673	278040.09723854065	10956.0	10440.0	3731.116008202729	17580.0	6340.0	8.107607673294929	1.967385226251987
29200749	39771	278962.01428318024	13832.0	14130.0	3982.106645148185	21120.0	7960.0	7.858998207246712	1.985637685972508
29301363	39866	279904.08795261383	11970.0	11740.0	3645.456837703	18200.0	6700.0	6.601021206067394	1.9826541412183318
29400964	39960	280795.49998140335	12876.0	13810.0	3697.672541237558	18900.0	8620.0	6.933295791205411	1.9505027090818738
29500695	40056	281718.6909863949	12760.0	13050.0	5939.554790648127	23820.0	4720.0	7.403825219465104	1.953631885266241
29602171	40151	282651.43583130836	13066.0	12660.0	4325.100384191485	21580.0	8660.0	6.695944346541196	1.9621686381183343
29700502	40242	283541.6265654564	13034.0	12830.0	4118.533180096471	22440.0	7740.0	7.368152902776901	1.9376934077536399
29800435	40332	284513.68639421463	16488.0	16000.0	5750.332937221017	27280.0	8080.0	7.565780554287914	1.953208406232083
29900074	40430	285370.5618326664	9942.0	8650.0	4665.566060690457	20520.0	5420.0	7.624315040847072	1.960786488612832
30001651	40524	286372.78252005577	15050.0	14550.0	9013.807926361274	32940.0	5340.0	6.5442446530699945	1.9653810340460764
30101532	40620	287351.66331744194	13508.0	12250.0	8751.920170263591	33640.0	4500.0	7.308022294806218	1.9470846055493662
30200325	40712	288328.5339131355	13694.0	14160.0	3936.823874930427	19100.0	8340.0	7.310237794795709	1.9428455030978662
30300667	40813	289290.5241897106	14924.0	13720.0	5289.5015518162645	27040.0	8560.0	6.774121469173124	1.9310264793579262
30400229	40918	290107.4973990917	7998.0	7350.0	3549.440644508496	14980.0	3980.0	7.3657843730307	1.9446160784999813
30500480	41012	291025.7257027626	10888.0	11800.0	4791.318074276523	18900.0	4980.0	7.236253310326483	1.946507396115388
30600553	41105	291919.97342181206	10606.0	9550.0	3593.9956099645483	18020.0	6640.0	6.772833641812086	1.9449853119381855
30701202	41203	292809.9523038864	9090.0	8060.0	6607.001336965709	20440.0	2180.0	6.518324298771017	1.9489556463185431
30800202	41295	293666.0343782902	8616.0	6630.0	4514.320916077338	16780.0	4660.0	7.5980367762269685	1.9764853782823681
30900448	41387	294578.6590526104	11758.0	11960.0	5289.414586385404	19300.0	3420.0	8.232925821178595	1.9823539848808456
31000280	41472	295515.1458129883	11810.0	11240.0	7804.296537449384	29120.0	3320.0	7.668444479901693	1.9801445081982942
31101050	41575	296422.12049913406	11898.0	12490.0	4379.9791983270625	19120.0	6140.0	7.471824167607959	2.0017459272781792
31201468	41676	297509.12641119957	17204.0	16610.0	8783.39746972156	28560.0	4880.0	6.701612756316485	1.970510875209935
31300666	41769	298544.0412931442	17658.0	15180.0	10300.18964226711	34120.0	7840.0	7.37378988115893	2.0003312839745937
31400772	41866	299479.7319226265	13210.0	12740.0	4647.678034364161	24280.0	7160.0	7.579395451986499	1.97995910078241
31500087	41962	300436.184060812	14694.0	13390.0	3884.4882402819662	23260.0	9240.0	7.16861257321308	1.9716769427707266
31600328	42068	301365.522100687	13364.0	13840.0	3447.7922082270434	17980.0	7260.0	6.839098754915931	1.9631564322399118
31700526	42168	302346.98318362236	15486.0	14380.0	5586.468174675899	28300.0	8880.0	6.625416058334451	1.9490690272637972
31801236	42256	303303.4362282753	13682.0	12870.0	7520.824127418188	23220.0	4840.0	7.9071393860786765	1.960305719815325
31900048	42341	304210.63262176514	13124.0	12890.0	5137.399255568046	23920.0	6780.0	7.5229684701004755	1.969155944206805
32000178	42433	305267.03185391426	16550.0	15730.0	4443.224554807515	24780.0	9420.0	6.762401355722363	1.9453527099724632
32100188	42530	306248.2423181534	15476.0	15770.0	8256.218128040087	27260.0	4540.0	7.06901721836947	1.9450985792821793
32200827	42627	307176.5162665844	12234.0	10030.0	5231.367358965001	19320.0	6440.0	6.752777303235728	1.958441671110055
32300172	42716	308196.724247694	16298.0	15530.0	6854.484014943146	27420.0	5780.0	6.869554418191394	1.9447910776863335
32400633	42812	309251.55607390404	17294.0	14250.0	9716.195185816765	33440.0	7100.0	6.678052923945339	1.9457265969237418
32500336	42910	310309.16022849083	17450.0	15080.0	7081.583313230328	34280.0	7800.0	6.92831180543905	1.9578985999401028
32600343	43004	311201.9053518772	10934.0	10760.0	3117.4070421853266	14620.0	5380.0	8.153881016079398	1.9520012135009734
32700742	43096	312116.9811460972	12004.0	12380.0	5678.409793047502	23260.0	6160.0	8.001915531186132	1.9632546054937043
32800193	43182	312993.89390420914	10246.0	10140.0	2639.293676556497	13540.0	6300.0	8.064309181426195	1.9603195889449228
32900713	43273	313896.18244433403	11636.0	9840.0	5319.229685249965	19860.0	4700.0	7.365763399328626	1.939929027398562
33000510	43378	314767.23147940636	11142.0	10750.0	3716.670553062243	16920.0	5900.0	8.16025530301177	1.957773908496637
33100797	43482	315719.8789613247	12426.0	9910.0	6165.567830027228	25840.0	5780.0	8.24141434476613	1.962395362723041
33201818	43571	316748.2442500591	16452.0	15550.0	3000.9065297006505	23500.0	12440.0	6.830231933244705	1.9578244256556712
33300297	43678	317578.1533756256	8826.0	8140.0	3845.320966230691	17720.0	3660.0	8.519393255026875	1.9383087320948649
33400258	43777	318481.99710035324	12752.0	12380.0	4221.471044289867	22140.0	8360.0	8.535224813655406	1.9653954550847677
33500055	43875	319436.84427666664	13802.0	13100.0	5573.472486301117	26920.0	6940.0	7.58627130803185	1.9387447436949012
33601352	43973	320299.73047184944	9294.0	8280.0	5333.500414049545	17720.0	2880.0	7.276008412346021	1.946225114596925
33701056	44075	321207.3708117008	11738.0	9640.0	6977.949077869036	23020.0	5400.0	7.901903815462395	1.9389887339797556
33800691	44171	322125.75469589233	11934.0	10720.0	6457.547177958172	24420.0	2800.0	8.45929648046709	1.925209240042586
33900277	44264	322939.491055727	7766.0	6520.0	5024.580026673319	15920.0	2280.0	7.777760885624663	1.9283915853560336
34001480	44364	323802.2236049175	8216.0	7890.0	3015.306138870664	15460.0	4600.0	7.304463705189227	1.939136120791961
34100366	44461	324740.48351478577	14214.0	14510.0	3897.3843080256333	22560.0	8820.0	7.6334243492369325	1.9293472698510545
34200204	44563	325675.4599838257	12304.0	11460.0	4302.534653485599	17580.0	5240.0	7.9546104258301815	1.9122524956459612
34301337	44671	326589.30154156685	11126.0	8450.0	6550.481237622504	26100.0	4960.0	7.150997096100788	1.9372023753715348
34400014	44767	327639.4849627018	18392.0	16330.0	7386.625751992584	32400.0	9320.0	7.691812412543086	1.9596479465173804
34500516	44865	328554.71219420433	12028.0	11040.0	5680.212828563537	24880.0	6360.0	6.797349982979084	1.9462315393689413
34600416	44959	329539.56717562675	15326.0	14520.0	7590.901278650792	26200.0	5440.0	7.523584871312599	1.9446144178310647
34700010	45052	330430.1345450878	10842.0	7330.0	8548.982785493645	29960.0	5160.0	6.5773113630816145	1.9231286928253037
34800553	45155	331402.4461326599	14032.0	12020.0	7331.249400871435	27140.0	5900.0	7.29109042261956	1.939599742136453
34900227	45253	332371.94473171234	15274.0	15030.0	4389.958744427762	23760.0	9200.0	6.782766981127566	1.9288566985271351
35000922	45349	333233.23125243187	11800.0	11420.0	4200.03174591177	21720.0	7500.0	8.298580450062971	1.9365824895319315
35101836	45441	334181.42524552345	14740.0	13420.0	7198.580106906886	27660.0	7080.0	6.541225488072208	1.9325669610192495
35201222	45540	335078.72821474075	13316.0	12780.0	5803.912856379259	25160.0	2640.0	6.643922392929192	1.9431014441488086
35300524	45638	335954.4390387535	11266.0	11220.0	3371.85804367068	17200.0	7120.0	6.779374809555501	1.9594538893778934
35400096	45730	336813.0032610893	11086.0	9090.0	4477.291343857107	17900.0	6400.0	6.557338458930425	1.94493765403298
35500437	45830	337685.05277109146	10562.0	9450.0	3888.8495871029922	17640.0	5040.0	7.768417997165922	1.965418675039501
35601090	45927	338628.2677834034	14406.0	13300.0	5655.314511344372	25440.0	8160.0	7.73078836127454	1.9598722066655654
35701339	46016	339620.3413107395	14116.0	14310.0	6158.41105047939	25400.0	6880.0	6.618515784036223	1.9593846331504492
35802118	46105	340659.2670946121	15034.0	14350.0	7086.507053705812	26320.0	7000.0	8.026045028878007	1.964463273045088
35902696	46201	341705.84118175507	16740.0	13830.0	10995.566783430897	35380.0	3640.0	7.7858054944758095	1.954633053557871
36001541	46293	342521.8504283428	9320.0	9540.0	2135.1450640283074	14440.0	6920.0	8.039008158019437	1.9893762207689851
36101496	46384	343392.5793106556	10022.0	8010.0	4085.0018359848996	16900.0	5740.0	7.726487321969433	1.9743669243998976
36200654	46478	344276.5642619133	11330.0	10610.0	6829.551799186956	25840.0	4380.0	7.456581037744321	1.9629684910893528
36301447	46564	345233.4206316471	12666.0	14030.0	4689.904524022259	17660.0	3860.0	7.486352198943017	1.9916666703371313
36400402	46654	346203.915528059	15130.0	12970.0	7419.573213242569	26040.0	6580.0	7.878387075395395	1.9986766048850797
36500430	46752	347352.571031332	22454.0	23590.0	8447.779721454757	34640.0	6480.0	6.550939896287216	2.0019746204694653
36600254	46849	348513.78443694115	21412.0	20800.0	8058.294277740585	33600.0	7460.0	7.085342586141443	1.9940020606947333
36700365	46942	349496.74593400955	14594.0	14610.0	5847.14973298957	24100.0	6540.0	8.355036589715727	1.9708699453324445
36800475	47033	350513.89951109886	16764.0	16100.0	5006.651575654132	24940.0	7880.0	6.665600523179893	1.9766684179736602
36900310	47123	351459.59802913666	14106.0	14040.0	5978.168058304595	26700.0	7760.0	7.477137564016784	1.9731211363899954
37000994	47214	352340.39006495476	11986.0	12440.0	4317.304200025237	19840.0	6180.0	8.429331814923009	1.9742831304804027
37100482	47310	353357.46622920036	14814.0	15350.0	8215.497820853247	26800.0	3260.0	7.558086182710136	1.9644289482676744
37200151	47414	354351.63900089264	16992.0	15310.0	5038.414212604773	25960.0	9760.0	7.591465363657263	1.96750161212397
37300397	47513	355160.64139580727	7190.0	6740.0	4824.919112735927	14920.0	1880.0	7.197470997331891	1.9528224656629563
37400535	47612	356051.0582931042	11338.0	8180.0	6210.725132113534	23820.0	7020.0	7.40078942107535	1.944561561512446
37500809	47709	356906.00205874443	9984.0	8500.0	5550.285678333244	22420.0	3960.0	8.391898345581847	1.941309158209114
37602048	47807	357825.86774373055	12492.0	14210.0	4488.1097233566925	17140.0	2820.0	6.7107584044028785	1.963065573467547
37700597	47901	358752.6711008549	12502.0	10210.0	5875.5799713730385	25000.0	6740.0	7.230797032669209	1.9371312302320403
37801708	47998	359623.1580166817	8720.0	4060.0	9278.203849165347	27520.0	1300.0	6.966583416207332	1.9059330035991218
37900915	48093	360506.9068982601	11496.0	9700.0	7547.325059619173	29140.0	4400.0	6.758448461514067	1.9220391067732168
38000154	48183	361425.89904999733	13312.0	9410.0	7652.840866850253	26000.0	5820.0	8.485977727359485	1.921451539762355
38100651	48276	362303.0709066391	10890.0	10330.0	6511.823434679755	24560.0	3420.0	6.840678114053043	1.9404284848102198
38201904	48377	363336.1612713337	17978.0	17980.0	6055.039774160585	25360.0	6880.0	6.651678720236724	1.9219817668582706
38300217	48469	364247.43582844734	12068.0	9320.0	6671.359681504214	25840.0	5980.0	7.410378932125943	1.9306127754012838
38400347	48567	365198.9288151264	14044.0	13070.0	5046.114456798528	25500.0	8880.0	7.245605954992939	1.9271781150378853
38500598	48663	366080.4861576557	10390.0	11400.0	5803.37258267409	20380.0	1580.0	7.072295798309257	1.9338098683585194
38600318	48759	367160.09702038765	18964.0	19990.0	8892.97250642326	30540.0	6360.0	8.300763721771919	1.9020889127772382
38701014	48859	368061.78773355484	11276.0	13320.0	4375.586817787987	16280.0	3700.0	7.773831612415309	1.9436170032053348
38800562	48957	368987.3404650688	14224.0	15570.0	6461.598013563586	24560.0	4420.0	7.47994987624163	1.9363323756718192
38901989	49057	369930.9528155327	13354.0	11650.0	6478.038454827373	27460.0	6700.0	7.851351357047429	1.926966318614863
39000425	49155	370879.59693169594	14636.0	13180.0	7499.450646547386	27340.0	6700.0	6.634770309669262	1.9198908328574522
39100684	49242	371738.305570364	10754.0	8880.0	4828.057350299163	21800.0	6820.0	7.522261472768055	1.928483270435914
39200214	49338	372702.1614906788	14450.0	13070.0	6635.106965561629	25680.0	7440.0	7.575037281543071	1.9598080698577622
39300240	49429	373746.27163910866	18310.0	18910.0	10549.638224444792	35220.0	5080.0	6.977358685457422	1.9442865775537201
39400068	49529	374639.7089958191	13240.0	11110.0	6835.333040736038	25380.0	6160.0	6.639667819214467	1.951455497982162
39501738	49627	375538.76792502403	11644.0	12200.0	4731.293457161348	19400.0	4800.0	8.154377808367347	1.9736559607304225
39600281	49717	376506.48345017433	15140.0	15720.0	6092.268324141127	23800.0	6580.0	6.56674882337374	1.9419752640670422
39700011	49815	377445.98235058784	12978.0	11670.0	5780.545533655683	25440.0	6600.0	7.039367192526998	1.9319680576376927
39800557	49916	378358.80466103554	11700.0	11370.0	4183.916294042647	17980.0	6200.0	7.196147792007055	1.9218680398668246
39900184	50010	379178.99022197723	4752.0	3410.0	2639.245683481888	9420.0	2500.0	6.0655093296253	1.9509112183617758
40000377	50111	380139.2156291008	13282.0	12090.0	5624.458097353814	25360.0	8020.0	7.442672554087948	1.9491205318786777
40100030	50207	381029.76112508774	11202.0	12150.0	3050.3544420644334	16120.0	6240.0	8.03305528190453	1.9374937532254657
40200434	50300	382137.4831318855	20098.0	21740.0	5925.676332706673	25920.0	9820.0	6.714559851170468	1.9427653515427008
40300407	50397	383156.1216413975	17362.0	15640.0	6833.788277538471	31180.0	9800.0	6.759530692844298	1.9460268417539717
40400200	50492	384092.14640808105	12468.0	13180.0	4857.518342162431	19060.0	6580.0	6.81866059960761	1.9597750086987553
40501911	50591	385073.83171606064	14870.0	13880.0	5662.078534719678	24120.0	6440.0	7.7122271130858895	1.9331706687770391
40600323	50682	386043.557315588	13454.0	14010.0	6856.517094463243	25220.0	5200.0	7.696088364737177	1.9541781357127523
40700543	50774	387080.5621480942	17600.0	18010.0	5411.625346315919	26100.0	7960.0	7.410433155657762	1.9593606748682313
40800545	50870	388167.4025197029	18246.0	17600.0	5104.116421521402	25300.0	9360.0	7.18057903373923	1.9581589125304772
40900038	50970	389056.8055012226	13158.0	12770.0	5432.580315917004	26720.0	8060.0	7.332736997965093	1.9377627275149987
41000020	51067	390029.67193198204	14600.0	15000.0	7499.90814758569	25940.0	2140.0	7.864440144190062	1.9296533851674333
41100097	51163	390922.59563827515	12150.0	12770.0	2975.30950770952	15560.0	7200.0	6.427747547607645	1.9351006529459591
41200227	51252	391807.652418375	11462.0	11090.0	4161.692497583699	19560.0	4680.0	7.1415481600901085	1.9410677693657328
41300264	51343	392862.9319229126	15650.0	16470.0	10002.707411273987	29380.0	3260.0	6.655741663642439	1.9105479530137548
41400676	51431	393820.9206235409	14836.0	12540.0	5582.160473826917	26120.0	9440.0	7.6300586375466555	1.92945387853826
41500529	51528	394647.923841238	9610.0	8180.0	2639.869525395358	14700.0	7160.0	7.693268119489375	1.9186169230754349
41600626	51623	395583.92927598953	13684.0	13340.0	3457.1510428868064	19580.0	9120.0	6.71240220968776	1.9091105675532507
41701648	51722	396539.92575740814	15162.0	14390.0	4201.380196501568	25000.0	9860.0	6.519001680497212	1.9069788768152272
41800326	51815	397457.7653775215	12918.0	13570.0	3067.1369204665266	17720.0	8380.0	7.104782854223235	1.893371754405917
41901419	51920	398448.38197112083	14862.0	14200.0	4989.762408060016	23340.0	8880.0	6.619281776071166	1.912797835606022
42000274	52016	399406.18772268295	14074.0	14210.0	5622.597659840551	25360.0	5160.0	6.580733321984022	1.9020253314640716
42100098	52111	400208.5865111351	9138.0	9450.0	1415.7353801705553	11940.0	6640.0	8.297014861219832	1.8912050820575164
42201906	52200	401322.44224977493	20016.0	18120.0	6775.844678791797	33860.0	9780.0	7.606888912717353	1.9134405256196476
42300226	52293	402245.9737894535	14634.0	14040.0	4618.456211525425	25880.0	8440.0	7.953938405635208	1.8950643606917734
42400597	52390	403138.4937288761	11506.0	10630.0	2867.2410277322538	17740.0	8740.0	8.580099644973691	1.9048663758193771
42501031	52491	404069.8075976372	13046.0	11790.0	5711.734898921304	27720.0	8040.0	7.098568471995199	1.9033548134450395
42601591	52587	405059.14553928375	15460.0	15780.0	4054.5392942834933	20340.0	8800.0	7.405818265849969	1.9167503786658122
42700175	52682	405904.1031258106	10910.0	9540.0	2726.5810907516475	15060.0	7760.0	6.668905015923978	1.9127130079084
42800744	52780	406861.23051691055	14586.0	13640.0	5905.5758962752025	25360.0	7540.0	7.658880544004299	1.907339205528247
42901794	52878	407741.0141375065	11178.0	12790.0	4141.630918692136	15680.0	4660.0	7.569762593972259	1.917250192339552
43000289	52974	408568.48171663284	9864.0	9480.0	2363.9665348261124	13940.0	6600.0	7.903336599541975	1.9059421726145753
43100425	53068	409627.1243710518	18536.0	20150.0	6754.250020049105	27120.0	7320.0	7.167518897852473	1.9269437287107771
43200798	53169	410555.60842585564	12030.0	7960.0	8801.40519083932	26160.0	3500.0	7.501791875255691	1.9267743211948425
43303147	53266	411627.1511685848	17902.0	14570.0	7581.781965855901	29980.0	8120.0	7.469730945750111	1.9307533367015228
43400963	53353	412653.9048500061	17302.0	17000.0	3793.906810780793	25220.0	12960.0	7.303838497587966	1.9243902172601113
43500267	53451	413550.50304985046	11936.0	13180.0	2972.4333466034186	13920.0	4620.0	6.697717018812578	1.8884097845470706
43601227	53553	414571.75937128067	15304.0	14750.0	4865.002455178094	25920.0	9120.0	7.125552285358296	1.9035460233577466
43700199	53651	415506.2113227844	14346.0	13890.0	4964.174318722769	25020.0	9300.0	7.38078686440711	1.8901579022135728
43801123	53744	416410.41993165016	12298.0	12920.0	3389.624036838173	17680.0	7280.0	7.59810251551503	1.8980236361805614
43900254	53837	417348.9441475868	12758.0	14210.0	3905.3063615775113	18940.0	6500.0	7.926029293107795	1.9248864249294229
44000211	53931	418272.9770576954	13068.0	13880.0	6434.367447111212	25000.0	5980.0	6.559155717880735	1.8972942609553063
44102040	54024	419390.2570784092	17822.0	15230.0	5656.653506172081	24900.0	9140.0	6.368151735888371	1.9057005686356756
44201448	54116	420362.84152436256	15088.0	13330.0	6412.21196017585	24580.0	5340.0	6.611231908816346	1.898637316228882
44300501	54215	421214.3883829117	10684.0	9790.0	3468.1253341442743	16440.0	6260.0	8.196520355367063	1.9122487074439682
44400511	54326	422062.54131937027	10030.0	9070.0	3466.5160223678954	17060.0	6140.0	7.998780787094054	1.9229696661223483
44500368	54423	422945.40311431885	11426.0	10660.0	3984.793874496173	17200.0	5520.0	8.363638323461736	1.9149305656086673
44601246	54519	423834.59963703156	11914.0	10570.0	4472.136451903547	19660.0	5520.0	6.981624382516472	1.9622555443989556
44701339	54615	424840.310662508	14948.0	10980.0	10054.770896334623	30480.0	4820.0	6.639395394935056	1.9352547986426614
44801522	54710	425882.27034783363	16810.0	16400.0	8290.408112190054	28120.0	4840.0	6.575691523377845	1.921594588123913
44900235	54801	426914.2093229294	17116.0	16970.0	7612.748372156916	29060.0	6280.0	7.5069693379985605	1.9154657390297833
45000968	54896	427871.941580534	14270.0	14020.0	5222.891919234017	26720.0	7500.0	7.1385095922214825	1.9099332599238157
45100208	54987	428784.9842352867	11960.0	9430.0	6037.666951912984	24460.0	5900.0	7.854733047336973	1.9450283087265678
45200341	55086	429688.1863913536	12784.0	11460.0	4619.9836459547005	22600.0	7500.0	7.932747743619722	1.9394952655918116
45300615	55185	430740.6506536007	16428.0	14300.0	8659.99332819861	32700.0	6200.0	7.151223775886029	1.9454359158689043
45400181	55275	431718.5478322506	14886.0	13260.0	6693.473106110327	25400.0	7420.0	6.449335096083748	1.9421864851946082
45500797	55368	432826.63922834396	18998.0	17070.0	7016.852412426656	32220.0	9260.0	6.571949381126666	1.9501975092638206
45600755	55466	433785.5104892254	14586.0	14800.0	2637.0867764763957	17840.0	8760.0	7.062542782571809	1.925927987892178
45700884	55563	434788.6372964382	16164.0	15060.0	7076.752550899789	32960.0	8720.0	6.425435212503478	1.9647084835828699
45800201	55661	435697.9082541466	11710.0	9290.0	4442.554320308182	18700.0	7120.0	6.664338166051944	1.9547569345133469
45900447	55757	436782.1026968956	16984.0	16070.0	4980.770132330051	26000.0	8560.0	6.423988335323642	1.955617707990374
46000471	55855	437602.42990231514	8068.0	8440.0	1696.223255745933	9860.0	5340.0	8.365146780843302	1.9306543819683706
46100305	55949	438775.22127342224	22298.0	22960.0	7198.15068842917	34420.0	14080.0	6.61299083958299	1.9499816355912707
46201240	56048	439864.2566475868	19446.0	19210.0	5037.583635919992	25880.0	11900.0	6.361319431487216	1.9487199472205199
46300408	56133	440911.40557718277	18644.0	17480.0	4692.696926549214	28240.0	14060.0	7.3793450711055	1.932204427959049
46401838	56228	441986.44026494026	17334.0	15830.0	6437.729413387922	25860.0	7940.0	7.678460524944433	1.9524961373688303
46501456	56320	442991.46698594093	14812.0	11820.0	9308.152698933698	25620.0	4700.0	7.36744721101153	1.953827591160189
46600278	56413	444099.08081650734	19946.0	18230.0	6672.224683133972	29500.0	8000.0	7.151417326899618	1.9697967670317984
46700765	56511	445094.3911828995	15576.0	15060.0	5765.358618507612	25100.0	6500.0	6.689423148740022	1.9395241785503678
46800117	56611	445966.85964012146	10824.0	10550.0	3509.6286603191134	17720.0	7060.0	8.433187624428566	1.9181924466448945
46900750	56707	446912.0724449158	14010.0	14310.0	2719.137935285945	17360.0	8660.0	7.028843041608616	1.9263298455338214
47000140	56799	447863.4903419018	14894.0	12140.0	5656.39893296865	23860.0	9420.0	6.554050423712806	1.928734678676656
47102068	56903	448883.2293920517	16078.0	14990.0	6642.6731566942735	26180.0	6720.0	7.153403696513588	1.9562189618012602
47200436	56993	449934.9631333351	18678.0	16460.0	4957.539264146635	27580.0	14000.0	7.560899616008932	1.9378319938115396
47300018	57085	450975.16545271873	16726.0	16720.0	1827.105786635124	19580.0	13480.0	6.78165497253755	1.922594121673525
47400613	57173	451889.7328722477	9500.0	6960.0	7456.254645150831	26480.0	3620.0	5.70615298227161	1.9391993250314339
47500051	57268	452811.1824235916	11714.0	12180.0	3045.770108782926	16080.0	6800.0	6.783800115321844	1.9454985020057705
47600343	57360	453752.98986816406	14012.0	14900.0	6031.312368704583	25640.0	5460.0	6.560670249471723	1.9351529610203984
47701369	57463	454701.9584479332	13180.0	13620.0	4268.187229049614	19700.0	6620.0	7.106631651290233	1.9501128743743048
47801358	57558	455523.3505311012	9848.0	8900.0	2803.5564714998854	15840.0	7240.0	7.938055968875569	1.952293531766344
47900289	57651	456401.6933889389	11590.0	11130.0	2280.609080438333	16180.0	9320.0	7.3609286736025314	1.9444680447748102
48000662	57751	457337.08587265015	13066.0	13360.0	5293.207807075865	22900.0	5160.0	6.706139634474607	1.9450268852218282
48101508	57852	458288.6812622547	12290.0	12710.0	3345.0361233724616	17580.0	7280.0	6.309994293033317	1.9573814643981768
48200276	57951	459080.43305158615	7468.0	6150.0	5991.692025908319	15180.0	1420.0	7.332263014440243	1.9378567776372424
48300697	58047	459958.1515021324	10650.0	9960.0	1862.6206150355888	13960.0	8260.0	7.789154332175726	1.9368298400336
48401944	58145	460850.9744722843	11900.0	11020.0	5222.157919225857	22800.0	5800.0	7.053430417104786	1.9428899473224497
48500319	58240	461706.2844219208	11816.0	12960.0	2798.6472922943803	15440.0	7140.0	7.677101057523403	1.9692416471590541
48600418	58332	462592.9138288498	12684.0	13050.0	2481.9132404927723	15880.0	8660.0	7.433635550088686	1.9736783209589908
48701207	58428	463408.6888589859	9024.0	8090.0	3739.302371060974	14420.0	2500.0	8.423292664963679	1.9651261877834867
48801829	58525	464256.2777264118	8974.0	8270.0	2120.6927589299157	13000.0	7100.0	8.041170287791807	1.9549305901735818
48900374	58614	465207.8388133049	14642.0	14130.0	3869.0963630629135	23980.0	9100.0	7.023567806976119	1.9513330788818957
49000293	58710	466156.53674197197	15208.0	15300.0	4556.540598109736	25460.0	8740.0	6.810561545243344	1.9399310836526857
49100365	58808	467106.4235768318	13402.0	10840.0	6907.737690445404	23520.0	7120.0	6.620706733240321	1.9316305391093334
49201979	58905	467997.99595332146	11394.0	13520.0	4228.307252580189	15900.0	4480.0	7.568886530000737	1.941283076510727
49300249	58996	469054.8678240776	18466.0	17220.0	7289.060600958429	33080.0	9400.0	7.370431174369389	1.9566405283516382
49400797	59096	470033.5370771885	14382.0	12670.0	7212.017440047934	27700.0	6460.0	7.106280483690118	1.9420530717337932
49500081	59189	471062.67906165123	17290.0	17030.0	4401.194282363721	23220.0	7640.0	6.986842384344589	1.9232477730798854
49600501	59286	471966.96856951714	11682.0	9660.0	4905.194072499975	21620.0	6620.0	8.380999635963871	1.9216087680816094
49700894	59391	472954.4349222183	16948.0	16280.0	7491.887167685678	26100.0	7300.0	8.675350302410573	1.938702715549931
49802134	59486	473936.17493629456	15976.0	14890.0	6962.7631807430525	25480.0	7240.0	7.368663252478348	1.9188288262557838
49901385	59581	474853.9706130028	11976.0	12630.0	3579.3208542652023	16120.0	6580.0	7.787813709134995	1.9047507957946876
50000000	59675	475808.37812924385	14516.0	15080.0	4047.120238172103	21480.0	7600.0	6.536194683676363	1.912346548086837
